151 152 153 154 155 999
251 252 253 254 255 999
351 352 353 354 355 999
451 452 453 454 455 999
111 112 113 114 115 999
211 212 213 214 215 999
311 312 313 314 315 999
411 412 413 414 415 999
455 445 435 425 415 060 070 080 211 221 231 241 251 999
155 145 135 125 115 080 050 020 311 321 331 341 351 999
255 245 235 225 215 020 010 000 411 421 431 441 451 999
355 345 335 325 315 000 030 060 111 121 131 141 151 999
155 145 135 125 115 211 221 231 241 251 999
255 245 235 225 215 311 321 331 341 351 999
355 345 335 325 315 411 421 431 441 451 999
455 445 435 425 415 111 121 131 141 151 999
413 030 040 050 213 999
113 070 040 010 313 999
888